[gd_scene load_steps=15 format=3 uid="uid://blysdbts7tc6d"]

[ext_resource type="Script" path="res://src/entities/puzzle_elements/switch/switch.gd" id="1_5pl7f"]
[ext_resource type="PackedScene" uid="uid://cxm2t3kkpsggf" path="res://src/common/interaction/interaction.tscn" id="2_hkiaq"]
[ext_resource type="Script" path="res://src/entities/puzzle_elements/switch/switch_interaction_action.gd" id="3_bgjta"]
[ext_resource type="Script" path="res://src/common/state_machine/state_machine.gd" id="4_rrpi8"]
[ext_resource type="Script" path="res://src/entities/puzzle_elements/switch/switch_state.gd" id="5_5aoy1"]
[ext_resource type="Script" path="res://src/sound/sfx/sfx_state_transition_listener.gd" id="6_ssf8g"]
[ext_resource type="Resource" uid="uid://dxgetvxs1tqfh" path="res://src/sound/sfx/sfx_resources/switch_enabled.tres" id="7_gi7uk"]
[ext_resource type="Resource" uid="uid://cvlcy7dsg6p28" path="res://src/sound/sfx/sfx_resources/switch_disabled.tres" id="8_aedo8"]

[sub_resource type="CapsuleShape3D" id="CapsuleShape3D_jmta0"]
height = 2.5

[sub_resource type="CylinderMesh" id="CylinderMesh_1h8m4"]
height = 0.5

[sub_resource type="StandardMaterial3D" id="StandardMaterial3D_t3gut"]
albedo_color = Color(0.415686, 0.415686, 0.415686, 1)
metallic = 1.0

[sub_resource type="BoxMesh" id="BoxMesh_yrp7q"]
size = Vector3(0.75, 0.75, 0.75)

[sub_resource type="StandardMaterial3D" id="StandardMaterial3D_snqmb"]
albedo_color = Color(1, 0.270588, 0, 1)
metallic = 1.0
roughness = 0.5
emission_enabled = true
emission = Color(1, 0.270588, 0, 1)

[sub_resource type="StandardMaterial3D" id="StandardMaterial3D_4e5ip"]
albedo_color = Color(0, 0.709804, 1, 1)
metallic = 1.0
roughness = 0.5
emission_enabled = true
emission = Color(0, 0.709804, 1, 1)

[node name="Switch" type="StaticBody3D"]
collision_layer = 8
script = ExtResource( "1_5pl7f" )

[node name="CollisionShape3D" type="CollisionShape3D" parent="."]
transform = Transform3D(1, 0, 0, 0, 1, 0, 0, 0, 1, 0, 0.25, 0)
shape = SubResource( "CapsuleShape3D_jmta0" )

[node name="Base" type="Node3D" parent="."]

[node name="MeshInstance3D" type="MeshInstance3D" parent="Base"]
layers = 8
mesh = SubResource( "CylinderMesh_1h8m4" )
surface_material_override/0 = SubResource( "StandardMaterial3D_t3gut" )

[node name="Crystal" type="Node3D" parent="."]
transform = Transform3D(1, 0, 0, 0, 1, 0, 0, 0, 1, 0, 1, 0)

[node name="Disabled" type="Node3D" parent="Crystal"]
visible = false

[node name="MeshInstance3D" type="MeshInstance3D" parent="Crystal/Disabled"]
layers = 8
mesh = SubResource( "BoxMesh_yrp7q" )
skeleton = NodePath("../..")
surface_material_override/0 = SubResource( "StandardMaterial3D_snqmb" )

[node name="SpotLight3D" type="SpotLight3D" parent="Crystal/Disabled"]
transform = Transform3D(1, 0, 0, 0, 0.965926, -0.258819, 0, 0.258819, 0.965926, 0, 0, 0)
layers = 8
light_color = Color(1, 0.270588, 0, 1)

[node name="SpotLight3D2" type="SpotLight3D" parent="Crystal/Disabled"]
transform = Transform3D(-4.37114e-08, 0.258819, 0.965926, 0, 0.965926, -0.258819, -1, -1.13133e-08, -4.2222e-08, 0, 0, 0)
layers = 8
light_color = Color(1, 0.270588, 0, 1)

[node name="SpotLight3D3" type="SpotLight3D" parent="Crystal/Disabled"]
transform = Transform3D(-1, -2.26267e-08, -8.44439e-08, 8.88178e-16, 0.965926, -0.258819, 8.74228e-08, -0.258819, -0.965926, 0, 0, 0)
layers = 8
light_color = Color(1, 0.270588, 0, 1)

[node name="SpotLight3D4" type="SpotLight3D" parent="Crystal/Disabled"]
transform = Transform3D(1.31134e-07, -0.258819, -0.965926, 2.66454e-15, 0.965926, -0.258819, 1, 3.394e-08, 1.26666e-07, 0, 0, 0)
layers = 8
light_color = Color(1, 0.270588, 0, 1)

[node name="SpotLight3D5" type="SpotLight3D" parent="Crystal/Disabled"]
transform = Transform3D(-2.26074e-14, -0.965926, 0.258819, 1.31134e-07, -0.258819, -0.965926, 1, 3.39399e-08, 1.26666e-07, 0, 0, 0)
layers = 8
light_color = Color(1, 0.270588, 0, 1)

[node name="SpotLight3D6" type="SpotLight3D" parent="Crystal/Disabled"]
transform = Transform3D(3.40716e-14, 0.965926, -0.258819, -1.31134e-07, 0.258819, 0.965926, 1, 3.39399e-08, 1.26666e-07, 0, 0, 0)
layers = 8
light_color = Color(1, 0.270588, 0, 1)

[node name="OmniLight3D" type="OmniLight3D" parent="Crystal/Disabled"]
layers = 8
light_color = Color(1, 0.270588, 0, 1)
light_energy = 2.0

[node name="Enabled" type="Node3D" parent="Crystal"]
visible = false

[node name="MeshInstance3D" type="MeshInstance3D" parent="Crystal/Enabled"]
layers = 8
mesh = SubResource( "BoxMesh_yrp7q" )
skeleton = NodePath("../..")
surface_material_override/0 = SubResource( "StandardMaterial3D_4e5ip" )

[node name="SpotLight3D" type="SpotLight3D" parent="Crystal/Enabled"]
transform = Transform3D(1, 0, 0, 0, 0.965926, -0.258819, 0, 0.258819, 0.965926, 0, 0, 0)
layers = 8
light_color = Color(0, 0.709804, 1, 1)

[node name="SpotLight3D2" type="SpotLight3D" parent="Crystal/Enabled"]
transform = Transform3D(-4.37114e-08, 0.258819, 0.965926, 0, 0.965926, -0.258819, -1, -1.13133e-08, -4.2222e-08, 0, 0, 0)
layers = 8
light_color = Color(0, 0.709804, 1, 1)

[node name="SpotLight3D3" type="SpotLight3D" parent="Crystal/Enabled"]
transform = Transform3D(-1, -2.26267e-08, -8.44439e-08, 8.88178e-16, 0.965926, -0.258819, 8.74228e-08, -0.258819, -0.965926, 0, 0, 0)
layers = 8
light_color = Color(0, 0.709804, 1, 1)

[node name="SpotLight3D4" type="SpotLight3D" parent="Crystal/Enabled"]
transform = Transform3D(1.31134e-07, -0.258819, -0.965926, 2.66454e-15, 0.965926, -0.258819, 1, 3.394e-08, 1.26666e-07, 0, 0, 0)
layers = 8
light_color = Color(0, 0.709804, 1, 1)

[node name="SpotLight3D5" type="SpotLight3D" parent="Crystal/Enabled"]
transform = Transform3D(-2.26074e-14, -0.965926, 0.258819, 1.31134e-07, -0.258819, -0.965926, 1, 3.39399e-08, 1.26666e-07, 0, 0, 0)
layers = 8
light_color = Color(0, 0.709804, 1, 1)

[node name="SpotLight3D6" type="SpotLight3D" parent="Crystal/Enabled"]
transform = Transform3D(3.40716e-14, 0.965926, -0.258819, -1.31134e-07, 0.258819, 0.965926, 1, 3.39399e-08, 1.26666e-07, 0, 0, 0)
layers = 8
light_color = Color(0, 0.709804, 1, 1)

[node name="OmniLight3D" type="OmniLight3D" parent="Crystal/Enabled"]
layers = 8
light_color = Color(0, 0.709804, 1, 1)
light_energy = 2.0

[node name="Interaction" parent="Crystal" instance=ExtResource( "2_hkiaq" )]

[node name="Action" type="Node3D" parent="Crystal/Interaction"]
script = ExtResource( "3_bgjta" )

[node name="StateMachine" type="Node" parent="."]
script = ExtResource( "4_rrpi8" )
initial_state = NodePath("Disabled")

[node name="Disabled" type="Node" parent="StateMachine"]
script = ExtResource( "5_5aoy1" )

[node name="Enabled" type="Node" parent="StateMachine"]
script = ExtResource( "5_5aoy1" )

[node name="SfxStateEnabled" type="Node" parent="."]
script = ExtResource( "6_ssf8g" )
_target_state = NodePath("../StateMachine/Enabled")
_sfx_resource_enter = ExtResource( "7_gi7uk" )
_sfx_resource_exit = ExtResource( "8_aedo8" )
