[gd_scene load_steps=18 format=3 uid="uid://blysdbts7tc6d"]

[ext_resource type="Script" path="res://src/entities/puzzle_elements/switch/switch.gd" id="1_5pl7f"]
[ext_resource type="Script" path="res://src/entities/puzzle_elements/indicator/indicator_mesh.gd" id="2_7i1pt"]
[ext_resource type="PackedScene" uid="uid://cxm2t3kkpsggf" path="res://src/common/interaction/interaction.tscn" id="2_hkiaq"]
[ext_resource type="Script" path="res://src/entities/puzzle_elements/switch/switch_joint.gd" id="2_pjdkd"]
[ext_resource type="Script" path="res://src/entities/puzzle_elements/switch/switch_interaction_action.gd" id="3_bgjta"]
[ext_resource type="Script" path="res://src/common/state_machine/state_machine.gd" id="4_rrpi8"]
[ext_resource type="Shader" path="res://src/entities/puzzle_elements/indicator/indicator.gdshader" id="5_fygd5"]
[ext_resource type="Script" path="res://src/sound/sfx/sfx_state_transition_listener.gd" id="6_ssf8g"]
[ext_resource type="Resource" uid="uid://dxgetvxs1tqfh" path="res://src/sound/sfx/sfx_resources/switch_enabled.tres" id="7_gi7uk"]
[ext_resource type="Script" path="res://src/common/state_machine/state.gd" id="8_2adit"]
[ext_resource type="Resource" uid="uid://cvlcy7dsg6p28" path="res://src/sound/sfx/sfx_resources/switch_disabled.tres" id="8_aedo8"]
[ext_resource type="Script" path="res://src/common/state_machine/property_tweener_transition_listener.gd" id="10_ey7nc"]

[sub_resource type="CapsuleShape3D" id="CapsuleShape3D_jmta0"]
radius = 1.0
height = 2.5

[sub_resource type="CylinderMesh" id="CylinderMesh_1h8m4"]
top_radius = 1.0
bottom_radius = 1.0
height = 0.5

[sub_resource type="StandardMaterial3D" id="StandardMaterial3D_t3gut"]
albedo_color = Color(0.415686, 0.415686, 0.415686, 1)
metallic = 1.0

[sub_resource type="BoxMesh" id="BoxMesh_yrp7q"]
size = Vector3(0.75, 0.75, 0.75)

[sub_resource type="ShaderMaterial" id="ShaderMaterial_lmduj"]
resource_local_to_scene = true
render_priority = 0
shader = ExtResource("5_fygd5")
shader_param/activation = 0.0
shader_param/albedo = Color(1, 0.27, 0, 1)
shader_param/emission_energy = 1.0
shader_param/metallic = 1.0
shader_param/roughness = 0.5
shader_param/specular = 0.5

[node name="Switch" type="StaticBody3D"]
collision_layer = 8
script = ExtResource("1_5pl7f")

[node name="CollisionShape3D" type="CollisionShape3D" parent="."]
transform = Transform3D(1, 0, 0, 0, 1, 0, 0, 0, 1, 0, 0.25, 0)
shape = SubResource("CapsuleShape3D_jmta0")

[node name="Base" type="Node3D" parent="."]

[node name="MeshInstance3D" type="MeshInstance3D" parent="Base"]
layers = 8
mesh = SubResource("CylinderMesh_1h8m4")
surface_material_override/0 = SubResource("StandardMaterial3D_t3gut")

[node name="Joint" type="Node3D" parent="."]
transform = Transform3D(1, 0, 0, 0, 1, 0, 0, 0, 1, 0, 1, 0)
script = ExtResource("2_pjdkd")

[node name="AngularVelocityFactorStateEnabled" type="Node" parent="Joint" node_paths=PackedStringArray("target_state", "target_node")]
script = ExtResource("10_ey7nc")
target_state = NodePath("../../StateMachine/Enabled")
target_node = NodePath("..")
property = "angular_velocity_factor"
value_min = 1.0
value_max = 2.0
tween_duration = 0.25

[node name="Crystal" type="Node3D" parent="Joint"]
script = ExtResource("2_7i1pt")
color_disabled = Color(1, 0.270588, 0, 1)
color_enabled = Color(0, 0.709804, 1, 1)

[node name="ColorStateEnabled" type="Node" parent="Joint/Crystal" node_paths=PackedStringArray("target_state", "target_node")]
script = ExtResource("10_ey7nc")
target_state = NodePath("../../../StateMachine/Enabled")
target_node = NodePath("..")
property = "activation"
tween_duration = 0.1

[node name="MeshInstance3D" type="MeshInstance3D" parent="Joint/Crystal"]
layers = 8
mesh = SubResource("BoxMesh_yrp7q")
surface_material_override/0 = SubResource("ShaderMaterial_lmduj")

[node name="OmniLight3D" type="OmniLight3D" parent="Joint/Crystal"]
layers = 8
light_color = Color(1, 0.270588, 0, 1)
light_energy = 2.0

[node name="SpotLight3D" type="SpotLight3D" parent="Joint/Crystal"]
transform = Transform3D(1, 0, 0, 0, 0.965926, -0.258819, 0, 0.258819, 0.965926, 0, 0, 0)
layers = 8
light_color = Color(1, 0.270588, 0, 1)

[node name="SpotLight3D2" type="SpotLight3D" parent="Joint/Crystal"]
transform = Transform3D(-4.37114e-08, 0.258819, 0.965926, 0, 0.965926, -0.258819, -1, -1.13133e-08, -4.2222e-08, 0, 0, 0)
layers = 8
light_color = Color(1, 0.270588, 0, 1)

[node name="SpotLight3D3" type="SpotLight3D" parent="Joint/Crystal"]
transform = Transform3D(-1, -2.26267e-08, -8.44439e-08, 8.88178e-16, 0.965926, -0.258819, 8.74228e-08, -0.258819, -0.965926, 0, 0, 0)
layers = 8
light_color = Color(1, 0.270588, 0, 1)

[node name="SpotLight3D4" type="SpotLight3D" parent="Joint/Crystal"]
transform = Transform3D(1.31134e-07, -0.258819, -0.965926, 2.66454e-15, 0.965926, -0.258819, 1, 3.394e-08, 1.26666e-07, 0, 0, 0)
layers = 8
light_color = Color(1, 0.270588, 0, 1)

[node name="SpotLight3D5" type="SpotLight3D" parent="Joint/Crystal"]
transform = Transform3D(-2.26074e-14, -0.965926, 0.258819, 1.31134e-07, -0.258819, -0.965926, 1, 3.39399e-08, 1.26666e-07, 0, 0, 0)
layers = 8
light_color = Color(1, 0.270588, 0, 1)

[node name="SpotLight3D6" type="SpotLight3D" parent="Joint/Crystal"]
transform = Transform3D(3.40716e-14, 0.965926, -0.258819, -1.31134e-07, 0.258819, 0.965926, 1, 3.39399e-08, 1.26666e-07, 0, 0, 0)
layers = 8
light_color = Color(1, 0.270588, 0, 1)

[node name="Interaction" parent="Joint/Crystal" instance=ExtResource("2_hkiaq")]

[node name="Action" type="Node3D" parent="Joint/Crystal/Interaction"]
script = ExtResource("3_bgjta")

[node name="StateMachine" type="Node" parent="." node_paths=PackedStringArray("_initial_state")]
script = ExtResource("4_rrpi8")
_initial_state = NodePath("Disabled")

[node name="Disabled" type="Node" parent="StateMachine"]
script = ExtResource("8_2adit")

[node name="Enabled" type="Node" parent="StateMachine"]
script = ExtResource("8_2adit")

[node name="SfxStateEnabled" type="Node" parent="." node_paths=PackedStringArray("target_state")]
script = ExtResource("6_ssf8g")
target_state = NodePath("../StateMachine/Enabled")
_sfx_resource_enter = ExtResource("7_gi7uk")
_sfx_resource_exit = ExtResource("8_aedo8")
